reelStrip1=10,10,10,10,10,7,7,7,7,8,8,8,8,4,7,7,7,7,9,9,9,9,10,10,10,10,10,2,12,0,0,0,0,4,2,6,6,6,6,0,0,0,0,10,10,10,10,10,9,9,9,9,7,7,7,7,5,5,5,5,9,9,9,9,4,6,6,6,6,5,5,5,5,8,8,8,8,9,9,9,9,2,3,0,0,0,0,4,6,6,6,6,10,10,10,10,10,2,4,8,8,8,8,9,9,9,9,4,5,5,5,5,0,0,0,0,3,10,10,10,10,10,7,7,7,7,8,8,8,8,10,10,10,10,10,1,1,1,1,7,7,7,7,8,8,8,8,4,7,7,7,7,12,9,9,9,9,10,10,10,10,10,4,2,4,0,0,0,0,2,3,6,6,6,6,10,10,10,10,10,9,9,9,9,7,7,7,7,5,5,5,5,9,9,9,9,4,6,6,6,6,12,5,5,5,5,8,8,8,8,9,9,9,9,2,3,4,6,6,6,6,10,10,10,10,10,2,4,4,8,8,8,8,9,9,9,9,4,5,5,5,5,3,10,10,10,10,10,7,7,7,7,8,8,8,8
reelStrip2=10,10,10,10,10,7,7,7,7,8,8,8,8,4,7,7,7,7,9,9,9,9,10,10,10,10,10,2,12,4,2,6,6,6,6,10,10,10,10,10,9,9,9,9,7,7,7,7,0,0,0,0,5,5,5,5,9,9,9,9,4,6,6,6,6,4,5,5,5,5,8,8,8,8,9,9,9,9,2,3,4,0,0,0,0,6,6,6,6,10,10,10,10,10,2,4,8,8,8,8,9,9,9,9,4,5,5,5,5,3,10,10,10,10,10,7,7,7,7,8,8,8,8,10,10,10,10,10,7,7,7,7,8,8,8,8,4,0,0,0,0,7,7,7,7,9,9,9,9,10,10,10,10,10,5,5,5,5,2,4,2,3,6,6,6,6,10,10,10,10,10,9,9,9,9,7,7,7,7,0,0,0,0,5,5,5,5,9,9,9,9,4,6,6,6,6,5,5,5,5,8,8,8,8,9,9,9,9,0,0,0,0,2,3,4,12,0,4,6,6,6,6,10,10,10,10,10,2,4,5,5,5,5,0,0,0,0,1,1,1,1,8,8,8,8,0,0,0,0,0,0,0,0,9,9,9,9,4,5,5,5,5,3,10,10,10,10,10,7,7,7,7,8,8,8,8
reelStrip3=10,10,10,10,10,7,7,7,7,8,8,8,8,4,7,7,7,7,9,9,9,9,10,10,10,10,10,2,4,0,0,0,0,2,0,6,6,6,6,12,10,10,10,10,10,9,9,9,9,1,1,1,1,7,7,7,7,5,5,5,5,9,9,9,9,4,6,6,6,6,5,5,5,5,8,8,8,8,9,9,9,9,2,3,4,6,6,6,6,12,10,10,10,10,10,2,4,8,8,8,8,9,9,9,9,0,0,0,0,4,5,5,5,5,3,10,10,10,10,10,7,7,7,7,8,8,8,8,10,10,10,10,10,7,7,7,7,8,8,8,8,4,7,7,7,7,9,9,9,9,10,10,10,10,10,4,2,4,0,0,0,0,2,0,0,0,0,3,6,6,6,6,10,10,10,10,10,9,9,9,9,7,7,7,7,5,5,5,5,9,9,9,9,4,0,0,0,0,6,6,6,6,5,5,5,5,8,8,8,8,9,9,9,9,2,3,4,6,6,6,6,10,10,10,10,10,2,4,4,8,8,8,8,12,0,0,0,0,9,9,9,9,4,5,5,5,5,3,0,0,0,0,10,10,10,10,10,7,7,7,7,8,8,8,8
reelStrip4=10,10,10,10,10,7,7,7,7,8,8,8,8,4,7,7,7,7,9,9,9,9,10,10,10,10,10,0,0,0,0,2,4,0,0,0,0,12,0,0,0,0,2,6,6,6,6,10,10,10,10,10,9,9,9,9,7,7,7,7,5,5,5,5,9,9,9,9,4,6,6,6,6,0,0,0,0,5,5,5,5,8,8,8,8,9,9,9,9,2,3,4,6,6,6,6,10,10,10,10,10,2,4,8,8,8,8,9,9,9,9,4,0,0,0,0,5,5,5,5,3,10,10,10,10,10,7,7,7,7,8,8,8,8,10,10,10,10,10,7,7,7,7,8,8,8,8,1,1,1,1,4,0,0,0,0,7,7,7,7,9,9,9,9,10,10,10,10,10,0,8,8,8,8,2,4,2,3,6,6,6,6,10,10,10,10,10,9,9,9,9,7,7,7,7,0,0,0,0,5,5,5,5,0,0,0,0,9,9,9,9,4,6,6,6,6,5,5,5,5,12,8,8,8,8,9,9,9,9,0,0,0,0,2,3,4,6,6,6,6,10,10,10,10,10,2,4,7,7,7,7,8,8,8,8,0,0,0,0,9,9,9,9,4,5,5,5,5,3,10,10,10,10,10,7,7,7,7,8,8,8,8
reelStrip5=10,10,10,10,10,7,7,7,7,8,8,8,8,4,7,7,7,7,9,9,9,9,10,10,10,10,10,2,4,2,6,6,6,6,12,0,0,0,0,10,10,10,10,10,9,9,9,9,7,7,7,7,5,5,5,5,9,9,9,9,4,6,6,6,6,5,5,5,5,8,8,8,8,9,9,9,9,2,3,0,4,0,0,0,0,6,6,6,6,10,10,10,10,10,2,4,8,8,8,8,0,0,0,0,9,9,9,9,4,5,5,5,5,3,12,10,10,10,10,10,7,7,7,7,8,8,8,8,10,10,10,10,10,7,7,7,7,8,8,8,8,4,7,7,7,7,9,9,9,9,0,0,0,0,10,10,10,10,10,2,4,2,3,6,6,6,6,10,10,10,10,10,9,9,9,9,7,7,7,7,5,5,5,5,9,9,9,9,4,0,0,0,0,6,6,6,6,5,5,5,5,8,8,8,8,9,9,9,9,2,1,12,1,0,0,0,0,1,1,3,4,6,6,6,6,10,10,10,10,10,2,0,0,0,0,4,8,8,8,8,9,9,9,9,4,5,5,5,5,3,10,10,10,10,10,7,7,7,7,8,8,8,8
reelStrip6=
reelStripBonus1=10,7,8,4,7,9,10,0,0,0,0,2,4,2,6,10,9,7,5,9,0,0,0,0,4,6,5,8,9,12,3,4,6,10,2,4,8,0,0,0,0,9,4,5,3,10,7,8,10,7,8,0,0,0,0,4,7,9,10,6,2,4,2,3,0,0,0,0,6,10,9,7,5,9,4,6,5,8,9,2,0,0,0,0,3,4,6,10,2,4,3,0,0,0,0,8,9,4,5,3,10,7,8
reelStripBonus2=10,7,8,4,0,0,0,0,7,9,10,2,4,2,6,10,9,0,0,0,0,0,0,0,0,7,5,9,4,6,5,8,0,0,0,0,0,0,0,0,9,2,3,4,6,10,2,0,0,0,0,4,8,9,4,5,3,10,7,8,10,0,0,0,0,7,8,12,4,7,9,10,0,0,0,0,2,4,2,3,6,10,9,0,0,0,0,7,5,9,4,0,0,0,0,6,5,8,9,2,3,0,4,0,0,0,0,6,10,2,4,8,9,0,0,0,0,4,12,5,3,10,7,8
reelStripBonus3=10,7,8,4,7,9,0,0,0,0,10,2,4,2,6,10,9,7,5,9,4,0,0,0,0,6,0,5,8,9,2,3,0,0,0,0,4,0,6,10,2,4,8,9,4,5,3,0,0,0,0,10,7,8,12,10,7,8,4,7,9,10,5,2,4,2,0,0,0,0,3,6,10,9,7,5,9,4,6,5,0,0,0,0,8,9,2,3,4,6,10,2,4,0,0,0,0,8,9,4,5,3,10,7,8
reelStripBonus4=10,7,8,4,0,0,0,0,7,9,10,2,4,2,6,10,9,7,0,0,0,0,5,9,4,6,5,8,9,2,12,0,0,0,0,3,4,6,10,2,4,8,9,4,5,3,10,7,8,10,7,8,4,7,12,9,10,2,4,2,3,6,0,0,0,0,10,9,7,5,9,4,6,5,8,9,0,2,3,4,6,10,2,0,0,0,0,4,12,8,9,4,5,3,10,7,8
reelStripBonus5=10,7,8,4,7,0,0,0,0,9,10,2,4,2,12,6,10,9,0,7,5,9,0,0,0,0,4,0,0,0,0,6,5,8,9,2,3,4,6,10,2,0,0,0,0,4,8,9,4,5,3,10,7,8,10,7,8,12,4,0,0,0,0,7,9,10,2,4,2,3,6,10,9,7,5,9,12,4,6,5,0,0,0,0,8,9,2,0,3,4,6,10,2,4,8,9,4,5,3,10,7,8
reelStripBonus6=