reelStrip1=8,8,5,3,8,3,6,3,6,3,9,6,7,11,9,13,6,11,6,3,11,2,6,3,4,11,11,11,3,6,6,1,1,3,5,6,6,8,6,9,7,11,3,13,2,1,1,6,5,5,8,3,5,8,2,3,5,8,3,8,4,11,3,8,5,8,2,7,4,3,5,7,7,8,4,7,6,8,7,3,7,3,3,4,8,6,4,8,7,8,5
reelStrip2=2,8,4,4,1,4,1,3,5,3,9,8,6,0,5,8,2,0,2,4,7,4,11,4,3,2,4,1,4,8,11,2,3,4,4,0,11,11,11,11,1,6,1,8,9,2,5,3,0,8,1,7,3,9,0,11,6,8,8,3,9,6,2,8,5,9,6,1,7,11,11,0,3,4,8,0,5,4,5,6,8,11,6,6,5,1,0
reelStrip3=8,7,0,4,3,0,6,5,5,7,2,3,5,0,8,5,0,3,1,5,7,9,8,8,8,11,0,8,8,9,0,5,8,5,3,2,4,6,4,7,2,3,6,4,8,4,6,6,6,6,8,0,4,8,7,7,4,9,1,1,3,5,7,0,11,7,5,9,6,1,8,9,1,2,0,4,1,9,2,3,5,5,6,6,6,2,8,7
reelStrip4=2,6,3,11,7,8,8,5,7,1,1,4,8,8,2,11,13,4,3,8,8,11,11,1,6,5,5,6,7,1,3,5,7,8,0,11,4,9,3,8,6,7,8,1,6,8,4,11,2,3,9,8,8,1,1,7,3,6,4,7,1,8,8,5,8,8,11,14,0,8,8,9,0,8,7,7,11,11,13,8,6,2
reelStrip5=4,6,3,8,6,8,2,3,4,11,7,6,9,1,4,2,3,0,5,4,7,3,0,2,8,8,9,7,7,3,8,4,9,11,11,8,1,1,2,0,6,7,8,0,6,11,1,0,3,7,6,0,6,8,8,9,1,1,7,11,0,2,6,6,11,6,1,4,6,5,4,5,9,6,6,4,5,8,7,8,5,3
reelStrip6=
reelStripBonus1=5,2,4,6,5,9,0,4,4,5,3,6,4,6,8,6,6,4,7,3,2,5,8,2,2,7,2,6,4,4,5,7,6,2,2,9,6,5,5,4,4,3,7,4,2,6,4,2,4,3,6,4,4,7,0,2,3,4,7,6,4,4,6,6,6,7,4,4,6,6,4,5,5,4,3,4,5,9,7,4,4,7,7,6,6,7,8,4,6,3,7,4,6,6,8,8,2,0,2,3
reelStripBonus2=3,3,3,6,6,6,2,2,2,2,2,2,6,6,6,6,6,6,4,4,4,8,8,8,2,2,2,5,5,5,4,4,4,4,4,4,2,2,2,8,8,8,8,8,8,4,4,4,6,6,6,9,9,9,2,2,2,6,6,6,5,5,5,2,2,2,6,6,6,4,4,4,4,4,4,3,3,3,2,2,2,4,4,4,4,4,4,5,5,5,5,5,5,2,2,2,3,3,3,6,6,6,3,3,3,6,6,6,6,6,6,6,6,6,4,4,4,5,5,5,7,7,7,3,3,3,6,6,6,2,2,2,0,0,0,3,3,3,4,4,4,4,4,4,5,5,5,3,3,3,4,4,4,6,6,6,6,6,6,5,5,5,7,7,7,2,2,2,6,6,6,2,2,2,0,0,0,4,4,4,5,5,5,6,6,6,5,5,5,6,6,6,6,6,6,8,8,8,9,9,9,4,4,4,5,5,5,5,5,5,3,3,3,7,7,7,6,6,6,5,5,5,5,5,5,4,4,4,4,4,4,4,4,4,2,2,2,4,4,4,4,4,4,6,6,6,3,3,3,8,8,8,4,4,4,4,4,4,6,6,6,7,7,7,8,8,8,8,8,8,4,4,4,4,4,4,5,5,5,4,4,4,4,4,4,6,6,6,4,4,4,2,2,2,5,5,5,4,4,4
reelStripBonus3=3,3,3,6,6,6,2,2,2,2,2,2,6,6,6,6,6,6,4,4,4,8,8,8,2,2,2,5,5,5,4,4,4,4,4,4,2,2,2,8,8,8,8,8,8,4,4,4,6,6,6,9,9,9,2,2,2,6,6,6,5,5,5,2,2,2,6,6,6,4,4,4,4,4,4,3,3,3,2,2,2,4,4,4,4,4,4,5,5,5,5,5,5,2,2,2,3,3,3,6,6,6,3,3,3,6,6,6,6,6,6,6,6,6,4,4,4,5,5,5,7,7,7,3,3,3,6,6,6,2,2,2,0,0,0,3,3,3,4,4,4,4,4,4,5,5,5,3,3,3,4,4,4,6,6,6,6,6,6,5,5,5,7,7,7,2,2,2,6,6,6,2,2,2,0,0,0,4,4,4,5,5,5,6,6,6,5,5,5,6,6,6,6,6,6,8,8,8,9,9,9,4,4,4,5,5,5,5,5,5,3,3,3,7,7,7,6,6,6,5,5,5,5,5,5,4,4,4,4,4,4,4,4,4,2,2,2,4,4,4,4,4,4,6,6,6,3,3,3,8,8,8,4,4,4,4,4,4,6,6,6,7,7,7,8,8,8,8,8,8,4,4,4,4,4,4,5,5,5,4,4,4,4,4,4,6,6,6,4,4,4,2,2,2,5,5,5,4,4,4
reelStripBonus4=3,3,3,6,6,6,2,2,2,2,2,2,6,6,6,6,6,6,4,4,4,8,8,8,2,2,2,5,5,5,4,4,4,4,4,4,2,2,2,8,8,8,8,8,8,4,4,4,6,6,6,9,9,9,2,2,2,6,6,6,5,5,5,2,2,2,6,6,6,4,4,4,4,4,4,3,3,3,2,2,2,4,4,4,4,4,4,5,5,5,5,5,5,2,2,2,3,3,3,6,6,6,3,3,3,6,6,6,6,6,6,6,6,6,4,4,4,5,5,5,7,7,7,3,3,3,6,6,6,2,2,2,0,0,0,3,3,3,4,4,4,4,4,4,5,5,5,3,3,3,4,4,4,6,6,6,6,6,6,5,5,5,7,7,7,2,2,2,6,6,6,2,2,2,0,0,0,4,4,4,5,5,5,6,6,6,5,5,5,6,6,6,6,6,6,8,8,8,9,9,9,4,4,4,5,5,5,5,5,5,3,3,3,7,7,7,6,6,6,5,5,5,5,5,5,4,4,4,4,4,4,4,4,4,2,2,2,4,4,4,4,4,4,6,6,6,3,3,3,8,8,8,4,4,4,4,4,4,6,6,6,7,7,7,8,8,8,8,8,8,4,4,4,4,4,4,5,5,5,4,4,4,4,4,4,6,6,6,4,4,4,2,2,2,5,5,5,4,4,4
reelStripBonus5=5,5,5,8,6,3,9,6,5,8,7,3,4,6,2,6,6,5,3,6,6,3,8,4,4,4,6,6,4,6,2,8,4,0,2,6,9,2,9,6,7,6,6,2,2,2,6,4,4,6,4,4,5,7,7,2,4,7,2,4,3,4,6,2,0,6,4,4,5,3,4,6,6,8,3,3,9,2,4,2,3,6,6,3,6,2,0,6,8,6,4,5,2,6,6,7,5,0,6,8
reelStripBonus6=