reelStrip1=10,7,8,4,7,9,10,2,4,2,6,10,9,7,5,9,4,6,5,8,9,2,3,0,4,6,10,2,4,8,9,4,5,3,0,10,7,8,10,0,1,1,1,1,7,8,4,7,9,10,12,2,4,2,3,6,10,9,0,7,5,9,4,6,5,8,0,9,2,3,4,6,10,2,0,4,12,8,9,4,5,3,10,7,8
reelStrip2=10,7,8,4,7,0,1,9,10,2,1,4,2,0,6,10,9,1,7,5,9,0,4,6,12,5,1,8,9,2,3,4,6,10,1,2,4,8,9,4,5,0,1,3,10,7,8,10,1,7,8,4,7,9,10,5,2,1,4,2,3,6,10,9,1,7,5,9,4,6,5,8,9,2,0,3,1,12,4,6,10,2,4,5,1,1,1,1,8,9,4,5,3,10,7,8
reelStrip3=10,7,8,4,7,0,9,10,2,4,2,0,6,10,9,1,2,1,1,0,1,7,5,9,1,4,6,5,8,9,2,2,1,3,0,4,6,10,2,4,1,8,9,2,4,1,5,3,10,7,8,1,10,7,8,2,4,1,7,9,10,12,1,2,0,4,2,1,3,6,1,10,9,7,5,9,1,4,6,5,8,0,1,9,2,3,4,6,1,0,10,2,4,12,8,1,9,4,5,3,10,7,8
reelStrip4=10,7,8,4,0,7,1,9,1,3,2,3,10,0,3,1,2,4,1,2,6,10,3,4,7,5,4,6,5,1,8,0,9,2,3,1,2,3,4,1,6,10,2,3,1,1,2,4,8,1,9,4,0,2,1,3,5,3,10,1,7,8,3,1,10,7,8,1,1,1,1,4,0,7,9,8,1,2,4,2,3,6,2,0,3,2,10,9,1,2,5,9,4,6,5,8,1,2,3,1,4,6,0,10,1,2,4,7,8,9,4,5,3,10,7,8
reelStrip5=10,7,8,4,7,9,10,2,4,2,1,6,1,10,0,2,9,7,5,9,4,6,5,8,9,0,2,1,3,4,1,6,10,1,2,4,3,8,1,9,2,4,0,5,3,10,7,1,1,8,10,7,8,4,7,9,10,2,2,4,2,3,0,6,10,9,7,5,9,4,6,5,8,9,2,1,1,1,1,3,0,4,6,10,2,4,8,9,4,5,1,3,10,7,8
reelStrip6=
reelStripBonus1=10,7,8,4,7,9,10,2,4,2,6,10,9,0,7,5,9,4,6,0,5,8,9,2,3,4,6,10,2,0,4,8,9,4,5,3,10,0,7,8,10,7,0,8,4,7,9,10,6,2,4,2,0,3,6,10,9,7,5,9,4,6,5,8,9,2,0,3,4,6,10,2,0,4,3,8,9,0,4,5,3,10,7,8
reelStripBonus2=10,7,8,4,7,9,0,10,2,4,2,6,0,10,9,7,5,9,4,6,5,8,0,9,2,3,4,6,10,2,4,0,8,9,4,5,3,10,7,8,10,7,8,4,0,7,9,10,2,4,2,0,3,6,10,9,7,5,9,4,6,5,8,9,2,3,0,4,6,10,2,4,8,9,4,5,0,3,10,7,8
reelStripBonus3=10,7,8,4,7,0,9,10,2,4,2,6,10,9,0,7,5,9,4,6,0,5,8,9,2,3,4,0,6,10,0,2,4,8,9,4,5,3,10,7,8,10,7,8,4,7,9,10,5,2,4,2,3,0,6,10,9,7,5,9,0,4,6,5,8,9,2,3,4,6,0,10,2,4,8,9,4,5,3,10,7,8
reelStripBonus4=10,7,8,4,7,9,0,10,2,4,2,6,10,9,7,5,9,4,6,5,8,9,2,3,4,6,10,2,4,8,9,4,5,3,10,7,8,10,7,8,4,7,9,10,2,0,4,2,3,6,10,9,7,5,9,4,6,5,8,9,0,2,3,4,6,10,2,4,8,9,0,4,5,3,10,7,8
reelStripBonus5=10,7,8,4,7,9,10,2,0,4,2,6,10,9,0,7,5,9,4,6,5,8,9,0,2,3,4,6,10,2,4,8,9,0,4,5,3,10,7,8,10,0,7,8,4,7,9,10,2,4,2,3,0,6,10,9,7,5,9,0,4,6,5,8,9,2,0,3,4,6,10,2,0,4,8,9,4,5,3,0,10,7,8
reelStripBonus6=