reelStrip1=7,4,7,4,6,10,11,9,2,5,7,0,3,10,3,9,5,7,11,2,2,2,2,8,9,4,7,10,8,3,7,2,5,9,5,7,8,10,2,7,0,0,11,8,10,6,9,4,2,11,8,10,2,2,2,2,9,6,8,11,3,5,9,7,5,8,6,8,2,4,5,7,11,6,3,11,10
reelStrip2=4,7,6,7,1,10,2,4,3,7,8,10,5,11,10,5,11,0,0,7,3,11,6,7,2,11,1,7,11,9,5,4,5,7,3,5,10,7,11,7,1,9,3,11,2,2,2,2,2,2,10,3,6,7,9,8,4,10,3,6,7,0,7,5,7
reelStrip3=3,10,2,3,6,5,4,8,1,8,6,3,9,8,9,4,8,6,2,3,9,0,0,10,6,4,5,8,3,4,8,6,9,1,4,8,2,2,9,5,10,11,4,6,3,7,9,5,10,1,11,5,4,9,2,6,0,7,9,4,6,8,3,11,4,6,4,9,1,11,2,4,9,6,3
reelStrip4=3,5,3,11,2,1,7,5,8,4,7,3,7,6,10,6,8,11,8,2,4,7,1,9,4,5,7,6,6,5,8,9,2,2,2,2,2,4,5,8,1,10,6,9,0,10,6,9,1,4,9,10,4,3,8,1,9,6,4,10,2,0,0,9,11,5,3,9,11,5,7,10,1,10,4,8
reelStrip5=3,7,3,4,11,7,5,8,4,11,2,2,2,2,9,10,8,4,11,6,4,6,2,7,11,0,0,6,7,11,5,3,2,5,6,8,5,4,9,3,5,7,5,10,3,6,9,2,7,5,10,8,9,6,10,3,11,3,7,0,11,3,7,2,6,5,4,7,9,7,4,8,5,2,3,6,10,8
reelStrip6=
reelStripBonus1=6,5,3,5,6,0,3,4,3,4,3,4,3,3,4,3,3,2,2,2,2,6,6,4,4,4,6,3,6,0,5,6,4,5,6,4,5,6,4,4,4,3,6,3,6,3,6,3,6,5,3
reelStripBonus2=4,5,5,5,3,5,3,5,6,5,5,6,5,0,3,5,3,4,3,4,3,5,3,4,3,2,2,2,2,3,5,3,5,3,5,5,5,4,6,6,5,6,4,5,5,4,6,6,4,3,3,3
reelStripBonus3=4,3,4,3,5,4,5,4,3,4,6,4,6,6,6,5,6,5,5,5,4,3,6,4,4,5,5,5,6,0,6,3,6,3,6,2,2,2,2,4,6,4,5,6,6,5,6,5,4,5
reelStripBonus4=3,3,5,4,4,5,3,5,6,5,6,5,5,4,4,4,5,4,6,3,5,6,3,0,5,6,4,5,6,3,5,3,5,6,6,3,6,4,3,6,3,6,2,2,2,2,6,5
reelStripBonus5=3,5,6,5,5,6,5,3,6,3,5,6,5,3,6,4,4,6,6,4,4,6,6,5,3,3,4,3,1,1,1,1,1,1,3,4,3,0,3,4,3,2,2,2,2,5
reelStripBonus6=