reelStrip1=1,10,7,8,4,7,12,9,10,4,2,4,1,6,10,9,7,3,11,5,9,12,4,6,5,8,9,4,3,3,4,6,10,3,4,4,8,9,4,5,3,12,2,7,8,1,7,8,4,7,9,12,10,11,7,4,4,4,3,6,10,12,2,7,3,5,9,4,6,5,11,8,9,2,3,3,4,6,10,12,3,4,4,2,8,9,12,4,5,3,10,7,8
reelStrip2=1,10,7,8,4,12,7,9,10,11,4,12,4,4,3,6,10,9,7,1,5,9,4,6,5,12,8,9,4,3,3,4,6,2,3,4,4,8,9,4,5,3,10,7,8,12,10,7,8,4,7,11,9,2,7,4,4,12,4,3,6,2,9,7,3,5,9,2,6,5,8,9,4,3,11,3,12,4,6,10,3,4,12,4,7,8,9,4,5,3,10,7,8
reelStrip3=1,10,7,8,4,7,12,9,10,4,2,4,3,6,10,9,12,7,11,3,2,9,4,6,5,8,9,4,3,1,4,6,12,10,3,2,4,8,9,4,5,3,11,10,7,2,10,7,12,8,4,7,9,10,7,4,4,2,3,6,10,9,7,3,5,9,4,12,1,5,8,9,4,3,3,4,6,2,3,12,4,11,4,7,8,9,4,5,3,10,7,8
reelStrip4=1,10,7,12,8,4,7,9,10,12,4,4,4,3,6,10,11,9,7,3,5,9,4,6,5,8,9,4,12,3,3,4,6,10,3,4,4,8,9,4,5,3,10,7,8,10,7,8,11,4,7,9,10,7,4,4,4,3,6,12,10,9,7,3,5,9,4,2,5,8,9,1,11,3,3,4,6,10,3,2,4,7,8,9,4,5,3,2,7,8
reelStrip5=1,10,7,8,4,7,9,10,4,4,4,3,6,11,1,9,12,7,3,5,9,4,6,2,8,9,4,3,3,4,6,10,3,12,4,4,8,9,4,5,3,2,7,8,1,7,8,4,7,9,11,10,7,4,4,4,3,6,10,9,7,3,5,9,4,6,5,8,1,2,3,3,4,6,12,10,11,3,4,4,7,8,9,4,5,3,3,7,8
reelStrip6=
reelStripBonus1=10,7,8,4,7,9,12,10,4,4,4,3,0,6,10,9,7,3,0,12,5,9,4,6,5,8,9,4,3,3,4,6,10,3,0,4,4,8,9,4,5,3,10,7,8,12,10,7,8,4,7,9,10,7,12,4,4,4,0,3,6,10,9,7,3,5,9,4,6,5,0,12,8,9,4,3,3,4,6,10,3,0,4,4,7,12,8,9,4,5,3,10,7,8
reelStripBonus2=10,7,0,8,4,12,7,9,10,0,4,4,4,3,6,12,10,9,0,7,3,5,9,4,6,5,8,9,4,3,3,12,4,6,0,10,3,4,4,8,9,4,12,5,3,10,0,7,8,10,7,8,4,7,9,10,7,4,4,12,0,4,3,6,10,9,7,3,5,9,4,6,5,8,9,4,3,12,3,0,4,6,10,3,4,4,7,8,9,4,5,3,10,7,8
reelStripBonus3=10,7,8,4,7,9,10,4,0,4,4,3,6,10,9,7,12,3,5,9,0,4,6,5,8,9,4,3,3,4,6,10,3,4,12,4,8,9,4,0,5,3,10,7,8,10,7,8,4,7,9,10,7,4,12,4,4,0,3,6,10,9,7,3,5,9,4,6,5,8,9,4,3,3,12,4,6,0,10,3,4,4,7,8,9,4,5,3,10,7,8
reelStripBonus4=10,7,8,4,7,9,10,0,4,12,4,4,3,6,10,9,7,3,5,9,0,4,6,5,8,9,4,3,3,4,6,12,10,3,4,0,4,8,9,4,5,3,10,7,8,10,7,8,4,7,9,10,12,7,4,4,0,4,3,6,10,9,7,3,5,9,4,6,5,8,9,4,3,3,4,0,6,12,10,3,4,4,7,8,9,4,5,3,10,7,8
reelStripBonus5=10,7,8,4,7,0,9,10,4,4,4,3,6,10,0,12,9,7,3,5,9,4,6,5,8,0,9,4,3,12,3,4,6,10,3,4,4,8,9,4,5,3,0,10,7,8,10,7,12,8,4,7,9,10,7,4,4,4,3,6,10,9,7,0,3,5,9,4,6,5,8,9,4,12,0,3,3,4,6,10,3,4,4,0,7,8,9,4,5,3,10,7,8
reelStripBonus6=