reelStrip1=10,9,10,9,10,9,10,5,10,10,0,9,4,9,0,14,4,2,2,5,2,4,12,7,13,5,0,13,12,8,14,3,3,3,3,5,10,7,2,4,13,10,2,2,8,7,9,5,10,8,12,14,2,4,2,14,2,7,10,11,9,2,12,14,7,6,11,14,7,2,9,2,0,13,4,9,3,3,3,3,13,4,4,4,2,3,3,3,3,6,9,10,4,5,5,5,6,10,5,1
reelStrip2=6,8,11,9,13,3,14,11,10,6,4,7,13,3,3,3,3,0,5,5,9,5,5,5,5,12,10,7,10,10,12,2,3,5,14,10,3,3,3,3,9,9,2,12,5,10,4,5,2,2,2,2,5,5,5,12,14,2,8,7,10,4,0,11,9,10,6,14,8,2,14,8,12,9,14,7,13,7,13,4,7,4,5,6,2,7,6,4,10,3,3,3,3,9,4,11,7,6,5,9
reelStrip3=9,4,14,6,6,0,0,13,6,10,3,3,3,3,5,13,2,13,7,7,1,9,12,4,13,10,2,8,5,9,13,14,7,4,13,3,3,3,3,7,7,0,14,10,5,5,7,10,6,12,11,5,5,5,14,5,7,0,2,13,8,4,12,5,6,11,2,1,6,6,4,6,14,5,4,10,3,3,3,3,4,1,13,8,11,12,11,6,10,10,14,9,11,0,6,11,10,4,12,2,9
reelStrip4=11,1,1,2,6,5,6,4,7,6,4,3,3,3,3,11,0,7,11,11,14,7,6,4,6,14,4,1,12,2,4,13,4,3,3,3,3,12,4,2,7,7,13,5,1,12,12,10,4,1,2,7,13,9,10,14,4,8,12,5,11,2,9,8,5,5,14,2,2,2,2,6,2,7,0,11,14,12,8,9,12,1,14,13,13,7,11,11,5,14,6,8,4,1,4,8,9,14,5,12
reelStrip5=6,4,4,12,14,8,7,9,0,2,7,11,6,11,7,4,9,12,5,5,14,12,8,13,8,1,7,9,7,2,9,8,5,12,10,9,1,3,3,3,3,8,13,13,4,2,1,7,12,4,7,2,2,2,2,9,9,12,12,3,3,3,3,4,14,0,12,3,3,3,3,5,5,13,4,9,4,8,10,4,14,4,0,10,7,10,14,2,12,1,2,5,2,0,14,11,5,4,12,8
reelStrip6=
reelStripBonus1=10,9,10,9,10,9,10,5,10,10,0,9,4,9,0,14,4,2,1,5,2,4,12,7,13,5,0,13,12,8,14,3,3,3,3,5,10,7,2,4,13,10,2,2,8,7,9,1,10,8,12,14,2,4,2,14,2,7,10,16,9,2,12,14,7,6,11,14,7,1,9,2,0,13,1,9,10,0,6,2,13,4,1,0,2,3,3,3,3,6,9,10,1,0,5,1,6,10,5,1
reelStripBonus2=6,8,11,9,13,1,14,11,10,6,4,7,13,3,3,3,3,0,11,5,9,0,0,0,2,12,10,7,10,10,12,2,1,5,14,10,3,3,3,3,13,9,1,12,5,10,1,0,2,2,2,2,5,5,0,12,14,2,8,7,10,4,0,11,9,10,1,14,8,1,14,8,12,9,14,7,13,7,13,4,7,4,5,6,2,7,0,4,10,3,3,3,3,9,4,11,7,6,5,9
reelStripBonus3=9,4,14,6,6,0,0,13,6,10,3,3,3,3,5,13,2,13,7,7,1,9,15,4,13,10,2,8,5,16,9,13,14,7,4,13,3,3,3,3,7,7,0,14,10,5,5,7,10,6,12,11,5,5,1,14,0,7,0,2,13,8,4,12,5,6,11,2,1,6,6,4,6,14,5,4,10,3,3,3,3,1,1,13,8,11,12,11,0,10,10,14,9,11,0,6,11,10,4,12,2,9
reelStripBonus4=11,1,1,2,6,5,6,4,7,6,4,3,3,3,3,11,0,7,11,11,14,7,6,1,6,14,4,1,12,1,4,13,8,3,3,3,3,12,4,2,7,7,13,5,1,12,12,10,4,1,2,7,13,9,10,14,4,8,15,5,11,2,9,8,5,5,14,2,2,2,2,6,2,0,0,11,16,12,4,9,12,1,14,13,13,7,11,11,5,14,6,8,4,1,4,8,9,14,5,12
reelStripBonus5=6,1,4,12,14,8,7,9,0,2,7,11,6,11,7,4,9,12,5,5,14,12,8,13,8,1,7,9,7,2,9,8,5,12,10,9,1,2,1,15,0,8,13,13,4,2,1,7,12,4,7,2,2,2,2,9,9,12,12,3,3,3,3,4,14,0,12,3,3,3,3,1,4,13,4,9,4,8,10,4,14,4,0,10,7,10,14,1,12,1,2,5,2,0,14,11,5,4,12,8
reelStripBonus6=