reelStrip1=13,18,11,9,16,16,10,14,12,13,16,17,17,18,14,9,11,9,10,14,15,13,17,16,15,15,11,15,17,18,16,11,17,9,17,10,17,14,16,15,12,10,16,11,11,9,12,10,11,15,13,17,18,11,11,15,13,13,16,12,16,12,10,18,10,9,17,14,17,11,14,13,14,16,18,15,16,11,16,14,15,13,9,11,12,15,14,12,12,16
reelStrip2=17,13,14,14,16,12,9,18,9,2,10,10,10,13,0,15,14,18,9,11,11,13,2,12,13,14,0,11,12,0,18,10,17,14,16,12,12,13,16,15,14,18,9,12,12,11,17,15,15,0,14,11,11,13,11,0,9,9,10,14,16,14,10,16,12,16,15,14,13,2,10,14,15,16,13,0,9,11,13,11,13,0,9,9,14,10,12,12,16
reelStrip3=15,12,14,14,15,18,0,2,15,9,15,14,17,14,12,18,9,12,12,10,9,0,16,0,12,11,9,2,0,15,10,12,11,12,12,13,14,18,11,10,17,17,9,2,13,17,12,10,17,0,18,11,10,15,9,17,12,2,9,13,13,9,12,13,18,12,17,15,15,0,13,18,9,13,9,16,15,17,18,14,11,12,16,12,17,2,16,10,9
reelStrip4=2,12,14,16,15,15,14,11,12,14,12,10,0,13,15,9,11,15,9,16,11,18,2,0,9,15,17,14,12,17,10,15,17,17,0,13,2,12,16,11,0,18,14,10,16,10,13,9,15,16,14,10,17,18,9,15,13,16,16,16,17,11,13,9,0,10,11,10,9,10,17,9,13,10,14,15,16,2,18,12,14,13,12,11,16,9,15,10,18,10,13,16,0,15
reelStrip5=9,9,11,10,12,17,18,12,14,15,10,13,0,0,16,15,16,11,18,9,17,9,10,12,18,12,11,12,16,10,9,18,11,16,14,15,11,15,18,14,16,15,10,12,16,9,14,9,15,12,11,16,18,17,17,9,14,15,9,10,13,15,9,18,11,17,17,10,11,18,0,13,17,10,15,11,15,0,13,18,11,15,11,13,12,0,9,17,14
reelStrip6=
reelStripBonus1=13,13,18,18,11,11,9,16,16,10,10,14,14,14,12,12,13,13,13,16,16,17,17,17,14,14,9,9,11,11,9,9,10,10,10,14,14,14,15,15,13,13,17,17,17,16,16,16,15,15,11,11,15,17,17,18,16,16,16,11,11,17,17,9,9,9,17,17,10,17,14,14,16,15,15,12,10,10,16,16,11,11,9,9,9,12,12,12,10,11,11,11,15,15,13,13,17,17,17,18,11,15,13,13,16,16,12,12,16,16,12,12,12,13,13,10,10,10,9,9,17,17,17,14,14,17,11,11,14,14,14,13,13,14,14,14,16,16,16,18,18,15,15,15,16,16,11,11,16,16,16,14,14,15,15,13,13,9,9,11,11,11,12,12,15,15,14,14,12,12,16,16
reelStripBonus2=17,17,13,13,14,14,14,14,16,16,12,12,9,9,9,9,2,10,10,10,10,10,10,13,13,0,0,15,15,14,14,18,18,9,9,11,11,11,11,13,13,2,12,12,13,13,14,14,0,0,2,12,12,0,0,18,18,10,10,17,17,14,14,16,16,12,12,12,12,13,13,16,16,15,15,14,14,18,18,9,9,12,12,12,12,11,11,17,17,15,15,15,15,0,0,14,14,11,11,11,11,13,13,11,11,0,0,9,9,9,9,10,10,14,14,16,16,14,14,10,10,16,16,12,12,16,16,15,15,14,14,13,13,2,10,10,14,14,15,15,16,16,13,13,0,0,9,9,11,11,13,13,11,11,13,13,0,0,9,9,2,14,14,10,10,12,12,12,12,16,16
reelStripBonus3=15,15,12,12,14,14,14,14,15,15,0,0,2,15,15,9,9,15,15,14,14,17,17,14,14,12,12,9,9,12,12,12,12,10,10,9,9,0,0,16,16,0,0,12,12,11,11,9,9,2,0,0,15,15,10,10,12,12,11,11,12,12,12,12,2,14,14,11,11,10,10,17,17,17,17,9,9,2,13,13,17,17,12,12,10,10,17,17,0,0,18,18,11,11,10,10,15,15,9,9,17,17,12,12,2,9,9,13,13,13,13,9,9,12,12,13,13,18,12,12,17,17,15,15,15,15,0,0,13,13,9,9,13,13,9,9,16,16,15,15,17,17,14,14,11,11,12,12,16,16,12,12,17,17,2,14,16,16,10,10,9,9
reelStripBonus4=2,12,12,14,14,16,16,15,15,15,15,14,14,11,11,12,12,14,14,12,12,10,10,0,0,18,18,15,15,9,2,9,11,11,15,15,9,9,16,16,11,11,0,0,9,9,15,15,2,14,14,12,12,17,17,15,15,17,17,17,17,0,0,13,13,2,12,12,16,16,11,11,0,0,14,14,2,16,16,10,10,13,13,9,9,15,15,16,16,14,14,10,10,17,17,9,9,15,15,13,13,16,16,16,16,16,16,17,17,11,11,13,13,0,0,10,10,11,11,10,10,9,9,10,10,17,17,9,9,13,13,10,10,14,14,15,15,16,16,2,12,12,14,14,13,13,12,12,11,11,16,16,9,9,15,15,10,10,18,18,10,10,13,13,16,16,0,0,15,15
reelStripBonus5=9,9,9,9,11,11,10,10,12,12,17,17,18,12,12,14,14,15,15,18,18,13,13,18,0,0,16,16,15,15,16,16,11,11,18,18,9,9,17,17,9,9,10,10,12,12,18,18,12,12,11,11,12,12,16,16,10,10,9,9,18,18,11,11,16,16,14,14,15,15,11,11,15,15,14,14,16,16,15,15,10,10,12,12,16,16,9,9,14,14,9,9,15,15,12,12,11,11,16,16,18,18,17,17,17,17,9,9,14,14,18,9,9,10,10,13,13,15,15,9,9,18,18,11,11,17,17,17,17,10,10,11,11,18,18,0,0,13,13,17,17,18,18,15,15,11,11,15,15,0,0,13,13,11,11,15,15,11,11,13,13,12,12,0,0,9,9,17,17,14,14
reelStripBonus6=