reelStrip1=2,4,1,3,3,2,5,0,4,12,9,7,6,3,3,11,7,12,5,0,4,2,7,6,12,3,1,7,5,11,9,3,9,0,5,5,12,6,1,2,9,5,0,4,2,7,6,3,12,6,7,2,2,3,4,2,12,6,5,4,2,1,0,9,9,12,3,2,5,1,4,12,2,7,6,3,12,7,4,2,4,3
reelStrip2=2,4,1,7,4,2,5,3,4,2,12,7,6,3,8,7,2,5,0,11,4,2,7,6,3,8,7,12,5,3,1,0,5,8,3,6,1,12,5,11,0,4,2,7,10,6,3,12,7,3,2,1,4,2,12,6,8,4,2,1,0,9,9,11,4,1,4,2,10,5,7,4,2,7,6,3,8,7,3,2,2,3
reelStrip3=2,4,1,7,5,2,5,0,4,9,12,7,6,3,8,7,2,9,9,0,11,4,2,7,12,3,9,7,5,3,1,0,5,8,3,12,9,1,2,5,0,4,2,11,7,6,3,8,9,9,9,2,8,4,2,6,12,4,10,2,3,0,6,4,2,2,5,11,12,4,2,7,6,9,1,7,4,2,3,3
reelStrip4=2,4,1,6,6,2,5,3,4,2,7,6,11,3,8,7,12,2,5,0,4,2,7,6,3,9,7,5,3,12,0,5,6,11,3,6,1,0,2,5,4,2,10,7,6,3,1,7,12,3,2,5,4,2,6,8,4,2,6,0,11,6,4,9,12,3,2,5,4,4,2,7,6,10,3,3,7,5,2,4,3
reelStrip5=2,4,1,6,8,2,5,0,4,2,7,6,3,2,7,2,10,11,5,0,4,2,7,12,6,3,8,9,9,3,1,0,5,8,3,9,6,4,0,2,5,4,2,7,6,3,3,7,4,2,5,4,2,11,6,8,4,2,5,0,6,4,12,10,1,3,2,5,3,4,2,7,6,3,3,7,2,2,5,3
reelStrip6=
reelStripBonus1=2,4,1,6,1,2,5,0,4,2,7,6,3,9,9,12,2,5,0,3,4,2,7,6,3,4,7,5,3,1,0,5,3,3,9,6,1,0,2,5,4,2,7,6,3,3,12,7,1,2,3,4,2,6,2,4,9,9,9,6,4,1,3,2,5,3,4,2,7,6,12,3,9,7,3,2,2,3
reelStripBonus2=2,4,1,6,1,2,5,0,4,2,12,7,6,3,9,9,9,5,0,4,2,7,6,3,5,12,7,5,3,1,0,5,5,3,9,6,1,0,2,1,5,4,2,7,12,6,3,4,7,2,2,4,4,2,6,3,4,2,1,9,9,12,4,1,3,2,5,3,4,2,7,12,6,3,9,7,4,2,2,3
reelStripBonus3=2,4,1,6,1,2,5,0,4,2,7,6,12,3,1,7,2,5,0,4,4,2,7,6,3,6,7,5,12,3,1,0,5,9,3,9,6,1,0,2,5,4,2,7,6,3,5,7,12,3,2,5,4,2,6,4,4,2,5,1,0,6,12,4,1,3,2,5,3,4,2,7,6,3,9,7,5,2,4,3
reelStripBonus4=2,4,1,6,1,2,5,0,4,2,12,7,6,3,2,7,9,9,0,4,2,7,6,3,7,7,5,3,1,0,5,9,9,9,12,3,6,1,0,2,5,4,2,7,6,3,6,7,4,2,6,4,2,6,5,6,4,2,1,12,9,6,9,1,3,2,5,3,4,2,12,7,6,3,9,7,6,2,6,3
reelStripBonus5=2,4,1,6,1,2,5,12,0,4,2,7,6,3,3,7,12,2,5,0,4,2,7,5,6,3,12,9,7,5,3,1,0,5,9,3,9,6,1,0,2,5,4,2,7,6,3,7,12,7,5,2,7,4,2,6,6,4,2,1,7,9,6,9,1,3,2,12,5,3,4,2,7,6,3,9,7,7,2,7,3
reelStripBonus6=