reelStrip1=8,4,7,2,9,2,0,8,4,5,6,9,14,5,14,14,4,6,4,7,8,6,8,2,4,8,2,7,9,10,6,1,6,9,1,8,6,8,6,7,1,8,7,7,6,10,14,14,7,1,7,7,4,2,6,14,1,9,14,0,6,8,10,4,8,4,9,5,8,7,3,5,8,7,8,8,8,9,6,6,10,1,5,5,0,2,4,6,7,7,6,9,14,4,6,10,7,3,8,6,6,3,2,2,2,5
reelStrip2=6,1,14,14,6,14,10,7,8,0,6,4,2,6,8,7,14,14,14,6,7,4,1,10,9,7,6,7,6,4,8,7,6,3,7,6,7,6,3,4,6,6,8,14,3,7,10,8,7,1,6,1,3,14,9,4,4,6,14,14,3,1,6,3,6,7,7,4,3,2,4,6,1,8,7,6,14,7,7,7,5,1,4,7,7,14,9,7,7,3,7,8,6,7,7,3,1,4,5,3,6,3,1,4
reelStrip3=7,1,14,14,4,5,14,12,4,1,6,6,6,10,14,6,4,6,7,1,4,2,7,7,1,8,5,6,6,12,6,6,8,0,7,6,8,0,2,4,7,9,1,1,8,4,6,6,4,0,6,14,3,14,12,4,1,6,4,6,3,8,7,10,14,6,14,14,4,3,7,4,7,8,7,2,2,7,3,12,9,7,0,7,6,2,8,4,4,6,7,7,12,6,4,6,14,10,7,5,6,6,7,6,6,5,3,3
reelStrip4=14,5,6,7,7,2,3,8,7,3,14,7,3,10,8,4,7,4,8,2,4,6,1,5,4,7,14,4,6,8,7,8,4,8,7,7,2,8,6,7,2,1,3,6,7,1,14,14,7,10,1,7,2,1,4,6,6,7,3,4,8,14,14,3,2,2,0,2,4,7,4,9,2,14,7,5,2,6,14,0,7,7,2,1,6,7,5,6,10,5,14,6,7,3,14,14,14,5,4,7,7,9,7,6
reelStrip5=0,5,4,7,14,4,14,9,7,1,5,14,14,7,6,6,7,7,6,7,6,7,10,2,1,8,6,8,0,1,7,8,8,6,6,3,7,3,6,0,3,6,8,6,14,6,6,4,2,6,5,10,14,7,2,6,6,4,1,1,3,4,6,6,7,7,6,9,1,8,9,14,14,7,7,2,7,6,7,10,6,4,6,6,7,7,7,2,8,4,2,5,6,14,4,8,7,6,9,4,6,6,6
reelStrip6=
reelStripBonus1=8,4,7,2,9,2,0,8,4,5,6,3,14,5,5,5,4,6,4,7,8,6,8,2,4,8,2,7,9,10,6,1,6,8,1,8,6,8,6,7,1,8,7,7,6,6,14,3,17,1,7,7,4,2,6,14,1,7,14,0,6,8,5,4,8,4,2,5,8,7,3,5,8,7,8,8,8,3,6,6,10,1,5,5,0,2,4,6,17,7,6,7,14,4,6,4,7,3,8,6,6,14,2,3,2,5
reelStripBonus2=6,1,14,14,6,14,4,7,8,0,6,4,2,6,8,7,14,14,14,6,17,4,1,5,7,7,6,7,6,4,8,7,6,3,7,6,7,6,3,4,6,6,8,14,3,7,7,8,7,1,6,1,3,14,2,4,4,6,14,14,3,1,6,3,6,7,7,4,3,2,4,6,1,8,7,6,14,7,7,7,5,1,4,7,7,14,3,7,7,3,7,8,6,7,7,3,16,4,3,1,6,3,1,4
reelStripBonus3=7,1,14,14,4,5,16,12,4,1,6,6,6,6,14,6,4,6,7,1,4,2,7,7,1,8,5,6,6,10,6,6,8,0,7,6,8,0,2,4,7,9,1,1,8,4,6,6,4,0,6,14,3,14,12,4,1,6,4,6,3,8,7,5,14,6,14,14,4,3,7,4,7,8,7,2,16,7,3,12,9,7,0,7,6,2,8,4,4,6,7,7,12,6,4,6,14,5,7,5,6,6,7,6,6,5,3,3
reelStripBonus4=14,5,6,7,7,2,3,8,7,3,14,7,3,3,8,4,7,4,8,2,4,6,1,5,4,7,14,4,6,8,7,8,4,8,7,7,2,8,6,7,2,1,3,6,7,1,14,14,7,8,1,7,2,1,4,6,6,7,3,4,8,14,14,3,2,2,0,2,4,7,4,9,2,14,7,5,2,6,14,0,7,7,2,1,6,7,5,6,2,5,14,6,7,3,14,14,14,14,4,7,7,9,7,6
reelStripBonus5=14,14,14,14,14,14,14,14,14,14,14,14,14,14,14,14,14,14,14,14,14,14,14,14,14,14,14,14,14,14,14,14,14,14,14,14,14,14,14,14,14,14,14,14,14,14,14,14,14,
reelStripBonus6=