reelStrip1=1,10,7,8,4,7,9,10,4,3,4,11,1,6,10,9,7,3,5,9,4,6,5,8,9,4,3,3,4,6,10,3,4,4,8,9,4,5,3,4,7,8,1,7,8,4,7,9,10,7,4,4,4,3,6,10,5,7,3,5,9,4,6,5,8,9,7,3,3,4,6,10,3,4,4,4,8,9,4,5,3,10,7,8
reelStrip2=1,10,7,8,4,7,9,10,4,4,4,11,3,6,10,9,7,1,5,9,4,6,5,8,9,4,3,3,4,6,2,3,4,4,8,9,4,5,3,10,7,8,10,7,8,4,7,9,2,7,4,4,4,3,6,2,9,7,3,5,9,2,6,5,8,9,4,3,3,4,6,10,3,4,4,7,8,9,4,5,3,10,7,8
reelStrip3=1,10,7,8,4,7,9,10,4,2,4,11,3,6,10,9,7,3,2,9,4,6,5,8,9,4,3,1,4,6,10,3,2,4,8,9,4,5,3,10,7,2,10,7,8,4,7,9,10,7,4,4,2,3,6,10,9,7,3,5,9,4,1,5,8,9,4,3,3,4,6,2,3,4,4,7,8,9,4,5,3,10,7,8
reelStrip4=1,10,7,8,4,7,9,10,4,4,4,11,3,6,10,9,7,3,5,9,4,6,5,8,9,4,3,3,4,6,10,3,4,4,8,9,4,5,3,10,7,8,10,7,8,4,7,9,10,7,4,4,4,3,6,10,9,7,3,5,9,4,2,5,8,9,1,3,3,4,6,10,3,2,4,7,8,9,4,5,3,2,7,8
reelStrip5=1,10,7,8,4,7,9,10,4,4,4,11,3,6,1,9,7,3,5,9,4,6,2,8,9,4,3,3,4,6,10,3,4,4,8,9,4,5,3,2,7,8,1,7,8,4,7,9,10,7,4,4,4,3,6,10,9,7,3,5,9,4,6,5,8,1,2,3,3,4,6,10,3,4,4,7,8,9,4,5,3,3,7,8
reelStrip6=
reelStripBonus1=10,7,8,4,7,9,10,4,4,4,11,3,6,10,9,7,3,5,9,4,6,5,8,9,4,3,3,4,6,10,3,4,4,8,9,4,5,3,10,7,8,10,7,8,4,7,9,10,7,4,4,4,3,6,10,9,7,3,5,9,4,6,5,8,9,4,3,3,4,6,10,3,4,4,7,8,9,4,5,3,10,7,8
reelStripBonus2=10,7,8,4,7,9,10,4,4,4,11,3,6,10,9,7,3,5,9,4,6,5,8,9,4,3,3,4,6,10,3,4,4,8,9,4,5,3,10,7,8,10,7,8,4,7,9,10,7,4,4,4,3,6,10,9,7,3,5,9,4,6,5,8,9,4,3,3,4,6,10,3,4,4,7,8,9,4,5,3,10,7,8
reelStripBonus3=10,7,8,4,7,9,10,4,4,4,11,3,6,10,9,7,3,5,9,4,6,5,8,9,4,3,3,4,6,10,3,4,4,8,9,4,5,3,10,7,8,10,7,8,4,7,9,10,7,4,4,4,3,6,10,9,7,3,5,9,4,6,5,8,9,4,3,3,4,6,10,3,4,4,7,8,9,4,5,3,10,7,8
reelStripBonus4=10,7,8,4,7,9,10,4,4,4,11,3,6,10,9,7,3,5,9,4,6,5,8,9,4,3,3,4,6,10,3,4,4,8,9,4,5,3,10,7,8,10,7,8,4,7,9,10,7,4,4,4,3,6,10,9,7,3,5,9,4,6,5,8,9,4,3,3,4,6,10,3,4,4,7,8,9,4,5,3,10,7,8
reelStripBonus5=10,7,8,4,7,9,10,4,4,4,11,3,6,10,9,7,3,5,9,4,6,5,8,9,4,3,3,4,6,10,3,4,4,8,9,4,5,3,10,7,8,10,7,8,4,7,9,10,7,4,4,4,3,6,10,9,7,3,5,9,4,6,5,8,9,4,3,3,4,6,10,3,4,4,7,8,9,4,5,3,10,7,8
reelStripBonus6=