reelStrip1=8,3,1,4,4,4,3,4,2,3,3,9,8,4,11,5,5,2,1,4,3,7,1,1,5,4,6,4,0,7,4,5,4,8,4,7,5,10,5,5,5,5,6,2,3,3,7,4,4,2,6,4,10,2,2,4,11,5,5,3,4,6,3,7,7,7,7,4,5,4,1,4,2,6,11,9,1,0,3,4,0,8,5,6,5,6,4,0,5,4,3,1,4,2,4,1,4,3,5,4
reelStrip2=4,8,3,4,3,2,6,13,4,2,0,4,8,1,6,6,3,4,4,2,2,2,1,8,4,8,1,8,2,2,5,3,4,6,4,0,4,2,9,3,13,4,7,4,5,2,6,8,1,4,10,4,8,0,1,4,4,4,3,4,2,3,4,0,4,2,0,2,13,3,4,9,9,5,7,5,6,7,2,6,2,4,4,7,2,0,6,3,4,9,2,8,2,7,8,4,4,0,4
reelStrip3=2,6,6,4,8,4,2,4,4,2,4,5,4,4,0,4,1,1,0,2,7,13,4,3,6,4,0,4,3,0,3,1,1,3,3,4,11,6,4,6,9,2,4,13,11,1,5,1,9,3,6,2,4,1,5,2,8,3,2,7,9,5,8,4,5,2,3,6,7,5,5,13,7,2,1,1,4,4,4,4,3,9,7,0,6,2,3,4,2,4,4,5,11,7,2,5,4,9,4,4
reelStrip4=6,5,1,4,6,2,5,2,4,4,9,2,4,2,2,13,1,3,3,1,4,4,8,4,1,2,4,4,2,1,8,4,2,8,5,3,6,1,13,8,8,4,2,3,5,9,5,6,5,5,4,4,0,0,0,6,2,9,2,0,3,4,9,5,3,0,0,4,13,3,7,2,8,4,3,2,4,0,2,7,2,9,1,2,5,9,8,6,3,7,6,4,0,5,2,2,8,2,6,2
reelStrip5=10,5,4,4,7,2,8,0,3,6,4,5,3,3,2,10,6,10,3,1,3,4,7,8,9,4,5,4,1,4,8,10,6,11,5,8,3,10,6,4,4,4,4,4,5,4,11,9,2,2,6,3,2,5,2,8,2,1,10,10,4,3,7,6,2,4,5,4,11,7,8,7,10,4,4,3,3,5,8,5,7,4,6,3,2,7,4,4,4,4,6,6,6,1,7,4,8,7,4,4
reelStrip6=
reelStripBonus1=2,3,9,10,2,5,8,6,7,9,2,4,3,6,7,8,1,4,2,3,7,9,8,10,9,2,8,9,4,5,9,8,6,7,3,6,4,9,10,6,9,10,2,7,0,8,3,6,9,7,3,5,0,9,7,10,4,8,7,5,6,8,9,4,10,6,8,9,7
reelStripBonus2=2,3,9,10,2,5,8,6,7,9,2,4,3,6,7,8,1,4,13,2,3,7,9,8,10,1,2,8,9,4,5,9,8,6,7,3,6,4,9,10,6,9,10,2,7,0,3,6,9,7,3,13,5,0,9,7,10,4,8,7,5,6,8,9,4,10,6,8,9,7
reelStripBonus3=2,3,9,10,2,5,8,6,7,9,2,4,3,6,7,8,1,4,7,2,3,7,9,8,10,1,2,13,8,9,4,5,9,8,6,7,3,6,4,9,10,11,6,9,10,2,7,0,3,6,9,7,3,5,0,9,7,10,4,8,7,5,13,6,8,9,4,10,6,8,13,9,7
reelStripBonus4=2,3,9,10,2,5,8,13,6,7,9,2,4,3,6,7,8,1,4,6,2,3,7,9,8,10,1,2,8,9,13,4,5,9,8,6,7,5,3,6,4,9,10,6,9,10,2,7,0,3,6,9,7,3,5,0,9,7,13,10,4,8,7,5,6,8,9,4,10,6,8,9,7
reelStripBonus5=2,3,9,10,2,5,8,6,7,9,2,4,3,6,7,8,1,4,2,3,7,4,9,8,10,1,2,8,9,4,5,9,8,6,7,3,6,4,9,10,6,9,10,2,7,0,3,6,9,7,3,5,0,9,7,10,4,8,7,5,6,8,9,4,11,10,6,8,9,7
reelStripBonus6=