reelStrip1=8,10,5,3,8,9,6,3,6,3,9,6,7,11,9,11,6,11,6,3,11,2,6,3,4,11,11,2,3,6,6,1,1,3,5,6,6,10,6,9,7,11,3,11,2,1,1,6,5,5,8,3,5,10,2,3,5,10,3,10,4,11,3,8,5,10,2,7,4,3,5,7,7,10,4,7,6,8,7,3,7,3,3,4,8,6,4,10,7,8,5
reelStrip2=2,8,4,4,1,4,1,3,5,3,9,8,6,0,9,10,2,1,2,4,7,4,11,4,3,2,4,1,4,10,11,2,3,4,4,1,11,6,1,3,1,6,1,10,9,2,5,3,0,10,1,7,3,9,1,11,6,10,8,3,9,6,2,8,5,9,6,1,7,11,6,0,3,4,8,1,5,4,5,6,8,11,6,6,5,1,0
reelStrip3=8,7,1,4,3,0,6,9,5,7,2,3,5,0,8,5,1,3,1,5,7,9,10,10,8,11,0,10,8,9,1,5,10,5,3,2,4,6,4,7,2,3,6,4,9,4,6,6,9,6,9,1,4,8,7,7,4,9,1,1,3,5,7,0,11,7,5,9,6,1,10,9,1,2,1,4,1,9,2,3,5,5,6,6,6,2,10,7
reelStrip4=2,6,3,11,9,10,10,5,7,1,1,4,10,10,2,11,6,4,3,10,8,11,0,1,6,5,5,6,9,1,3,5,7,10,0,11,4,9,3,10,6,7,8,1,6,10,9,11,2,3,9,8,8,1,1,7,3,6,9,7,1,8,10,9,10,10,11,1,0,10,8,9,1,8,7,7,11,7,11,8,6,2
reelStrip5=4,6,3,8,6,10,2,3,4,11,7,6,9,1,4,2,3,0,5,4,7,3,1,2,8,8,9,7,7,3,10,4,9,11,8,8,1,1,2,1,6,7,8,1,6,1,1,1,3,7,6,1,6,10,8,9,1,1,7,11,0,2,6,6,11,6,1,4,6,5,4,5,9,6,6,4,5,10,7,8,5,3
reelStrip6=
reelStripBonus1=3,2,4,5,4,5,4,1,3,2,4,3,5,5,1,4,5,3,5,4,4,3,3,3,3,3,5,4,4,5,5,1,1,1,4,4,4,0,3,4,4,5,2,1,5,3,3,4,3,4,4,4,4,5,3,5,2,2,2,4,5,5,5,5,3,5,5,1,3,3,5,4,4,4,3,3,4,2,4,3,4,5,2,5,4,4,5,5
reelStripBonus2=2,1,4,5,1,1,3,5,5,5,4,5,3,4,4,2,4,2,2,4,5,2,2,2,5,5,1,1,4,1,4,5,0,5,3,4,1,1,1,4,5,3,1,3,3,4,3,4,5,2,2,2,5,4,3,4,4,4,4,4,3,4,4,5,1,5,5,3,2,3,3,4,3,4,5,2,1,4,4,1,5,4,1,3,3,3,3,4,4,3,1
reelStripBonus3=4,5,5,3,5,3,5,5,2,4,1,3,4,2,3,5,5,2,4,5,5,3,3,3,4,4,5,3,2,0,3,5,1,3,2,3,5,3,5,2,5,4,2,3,4,3,1,5,5,2,1,3,4,1,5,2,5,3,1,5,3,5,3,5,4,4,1,4,4,3,2,5,5,2,3,2,1,5,5,1
reelStripBonus4=5,2,5,4,3,2,1,3,5,5,3,3,3,2,5,5,5,5,1,3,4,5,3,5,2,3,5,5,4,3,5,5,3,2,0,5,5,3,3,3,4,4,4,4,1,2,3,4,4,3,2,1,3,5,2,2,3,3,1,1,4,5,3,5,5,3,5,4,4,3,3,5,2,3,3,5,4,5,5,4,3
reelStripBonus5=4,4,5,4,1,3,2,4,5,3,4,5,2,3,4,3,5,3,3,1,4,5,5,3,4,2,3,3,5,4,4,3,3,4,5,5,5,0,4,5,2,5,4,4,5,3,1,4,4,5,5,3,3,5,4,4,2,3,3,3,5,5,5,5,4,2,3,4,4,2,5,3,1,3,4,3,3,1,1,3,3,1
reelStripBonus6=