reelStrip1=3,9,9,5,2,11,3,5,6,5,11,2,5,8,11,11,11,5,9,0,4,2,4,4,4,6,8,5,5,9,6,4,6,9,7,7,8,11,5,8,9,5,8,7,8,11,6,1,3,6,6,6,9,1,6,4,7,0,7,8,5,4,2,9,6,8,6,6,4,0,3,0,0,9,6,6,6,6,5,1,9,1,4,2,6,7,5,0,9,7,3,8,9,7,4,1,7,1,8
reelStrip2=1,1,5,2,2,11,10,8,4,3,10,3,5,11,11,11,5,8,3,7,3,1,3,7,0,11,10,0,0,10,3,3,8,1,7,9,9,7,7,5,0,11,3,10,6,2,0,6,8,4,9,9,11,10,7,8,2,11,11,2,10,0,5,0,3,4,2,5,3,6,2,9,10,9,11,5,1,10,6,2,4,4,6,2,4,7,1,10,4,2,1,3,3,9,8,6,7,4,4
reelStrip3=5,5,3,3,4,9,5,6,9,1,11,1,7,8,9,7,6,11,11,6,5,1,0,1,11,7,0,0,1,5,0,8,3,10,1,8,1,8,4,7,2,9,6,8,7,9,1,3,9,7,1,8,6,11,1,8,8,5,0,9,1,0,7,2,4,8,1,8,6,9,4,0,4,7,9,11,5,2,10,6,8,8,5,7,8,4,7,5,6,3,9,0,9,2,3,9,2,4,1,3
reelStrip4=6,10,7,0,1,11,9,11,10,4,10,11,0,9,9,6,7,6,8,10,0,10,2,10,1,10,6,11,2,7,9,8,11,0,1,8,5,2,5,9,9,6,7,1,4,0,10,7,11,6,6,7,11,10,8,4,1,0,5,11,1,4,11,8,3,6,7,0,9,10,7,5,9,8,8,5,4,5,10,1,11,0,5,10,1,9,0,0,10,3,1,7,11,5,1,5,3,3,7,4
reelStrip5=10,3,4,6,11,4,11,11,7,4,11,8,7,11,8,8,7,2,4,0,5,3,5,5,3,4,4,0,11,2,10,2,2,1,8,5,2,3,3,11,8,9,6,3,2,7,9,4,1,9,7,8,5,9,3,11,11,7,10,1,9,2,3,4,2,11,9,10,5,3,3,10,0,0,1,1,7,2,7,7,11,3,6,6,3,0,2,10,4,8,11,11,9,9,3,1,5,4,4,5
reelStrip6=
reelStripBonus1=3,4,4,2,9,8,7,4,1,4,0,8,1,0,3,4,3,0,9,6,3,4,9,1,9,0,9,6,8,2,9,2,5,4,2,9,7,1,0,11,1,9,5,2,7,5,7,2,5,0,8,8,1,4,4,8,6,9,11,0,3,6,4,9,9,6,9,1,9,0,3,9,8,9,0,9,0,2,0,8,11,7,6,1,7,7,9,3,9,6,6,9,3,2,5,5,6,8,1,4
reelStripBonus2=4,8,2,6,6,8,8,6,7,5,6,8,11,7,3,11,0,9,6,8,9,6,6,2,9,0,6,8,9,3,4,8,6,5,8,6,5,7,9,2,8,9,6,4,7,8,6,9,9,9,7,0,4,11,6,0,8,3,9,11,2,5,1,1,0,3,0,9,9,5,1,11,9,0,7,3,9,11,0,5,6,1,4,1,11,9,3,4,2,4,9,2,8,1,7,0,0,1,5,4
reelStripBonus3=5,7,6,1,8,9,5,11,6,9,0,3,1,3,3,2,0,11,9,11,8,1,6,5,8,0,6,6,9,8,8,4,9,2,1,11,1,9,3,7,2,8,7,9,11,9,2,8,9,4,6,3,1,1,3,3,2,5,7,6,9,9,1,7,9,5,11,8,9,11,2,6,9,9,11,1,2,4,2,9,4,9,1,5,6,5,8,3,3,9,5,1,2,0,2,3,5,8,7,5
reelStripBonus4=3,9,2,5,9,5,9,0,2,9,11,4,11,4,6,2,6,7,4,9,7,6,4,7,9,8,1,4,4,5,2,9,5,4,5,4,5,0,9,3,0,4,9,11,9,9,1,8,11,5,4,7,1,5,9,6,9,11,5,1,8,11,9,9,6,9,9,3,7,9,8,2,4,9,4,6,5,1,0,9,5,9,3,11,4,8,4,6,7,8,9,0,11,4,3,8,5,0,0,3
reelStripBonus5=7,1,2,2,0,5,7,6,8,9,3,3,2,9,1,9,1,2,9,11,11,0,8,6,5,7,0,7,4,11,11,1,0,6,9,4,5,6,7,1,11,6,6,3,4,7,9,0,2,8,9,0,11,9,8,9,9,8,0,9,8,1,4,5,4,8,0,7,6,7,4,0,0,6,6,6,2,4,1,2,9,9,5,11,8,4,0,3,4,4,7,4,2,4,1,9,4,9,1,3
reelStripBonus6=