reelStrip1=2,4,1,3,1,2,5,0,4,2,7,6,3,8,7,2,5,0,4,2,7,6,3,8,7,5,3,1,0,5,8,3,6,1,2,2,5,0,4,2,7,6,3,8,7,8,2,8,4,2,6,8,4,2,1,0,6,4,1,0,2,5,1,4,2,7,6,3,8,7,8,2,0,3
reelStrip2=2,4,1,7,1,5,8,3,6,1,2,5,0,4,2,7,14,6,3,8,7,8,2,8,4,13,2,6,8,4,2,1,0,2,6,4,1,0,2,5,14,1,4,2,7,6,3,8,2,5,3,4,2,7,6,3,8,7,2,5,0,4,2,7,6,3,8,14,7,5,3,1,0,5,8,3,6,1,2,5,0,4,2,7,6,3,8,7,8,2,8,4,2,13,6,8,4,2,1,0,2,6,4,1,0,2,5,1,4,2,7,6,3,8,7,8,2,0,3
reelStrip3=2,4,1,7,1,2,5,0,4,2,7,14,6,3,8,7,2,2,5,0,4,2,7,6,3,8,13,7,5,3,1,0,5,14,8,3,6,1,2,5,0,4,2,7,6,3,8,2,7,8,2,8,4,2,6,8,4,2,1,0,6,4,1,14,2,5,4,2,7,6,3,8,7,8,5,8,3,6,1,2,5,0,4,2,7,6,3,8,7,8,2,13,8,4,2,6,8,4,2,1,0,2,6,4,1,0,2,5,1,4,2,7,6,3,8,2,0,3
reelStrip4=2,4,1,6,1,2,5,3,4,2,5,14,8,3,6,1,2,5,13,0,4,2,7,6,3,8,7,8,2,8,14,4,2,6,8,4,2,1,0,2,6,4,1,0,2,5,1,4,14,2,7,6,3,8,7,6,3,8,7,2,5,0,4,2,7,6,3,8,7,5,3,14,1,0,5,8,3,6,1,0,2,5,4,2,7,6,3,8,7,8,2,8,4,2,6,8,4,2,1,0,6,4,2,1,3,2,5,13,1,4,2,7,6,3,8,7,8,2,0,3
reelStrip5=2,4,1,6,1,2,5,0,4,2,7,6,3,8,7,2,5,0,4,2,7,6,3,8,7,5,3,1,0,5,8,3,2,6,1,0,2,5,4,2,7,6,3,8,7,8,2,8,4,2,6,8,4,2,1,0,6,4,1,3,2,5,3,4,2,7,6,3,8,7,8,2,0,3
reelStrip6=
reelStripBonus1=2,4,1,6,1,2,5,0,4,2,7,6,3,8,7,2,5,0,4,2,7,6,3,8,7,5,3,1,0,5,8,3,2,6,1,0,2,5,4,2,7,6,3,8,7,8,2,8,4,2,6,8,4,2,1,0,6,4,1,3,2,5,3,4,2,7,6,3,8,7,8,2,0,3
reelStripBonus2=2,4,1,6,1,2,5,0,4,2,7,6,3,8,7,2,5,0,4,2,7,6,3,8,7,5,3,1,0,5,8,3,2,6,1,0,2,5,4,2,7,6,3,8,7,8,2,8,4,2,6,8,4,2,1,0,6,4,1,3,2,5,3,4,2,7,6,3,8,7,8,2,0,3
reelStripBonus3=2,4,1,6,1,2,5,0,4,2,7,6,3,8,7,2,5,0,4,2,7,6,3,8,7,5,3,1,0,5,8,3,2,6,1,0,2,5,4,2,7,6,3,8,7,8,2,8,4,2,6,8,4,2,1,0,6,4,1,3,2,5,3,4,2,7,6,3,8,7,8,2,0,3
reelStripBonus4=2,4,1,6,1,2,5,0,4,2,7,6,3,8,7,2,5,0,4,2,7,6,3,8,7,5,3,1,0,5,8,3,2,6,1,0,2,5,4,2,7,6,3,8,7,8,2,8,4,2,6,8,4,2,1,0,6,4,1,3,2,5,3,4,2,7,6,3,8,7,8,2,0,3
reelStripBonus5=2,4,1,6,1,2,5,0,4,2,7,6,3,8,7,2,5,0,4,2,7,6,3,8,7,5,3,1,0,5,8,3,2,6,1,0,2,5,4,2,7,6,3,8,7,8,2,8,4,2,6,8,4,2,1,0,6,4,1,3,2,5,3,4,2,7,6,3,8,7,8,2,0,3
reelStripBonus6=