reelStrip1=5,1,10,1,6,12,2,5,9,1,3,1,3,0,3,2,9,12,1,1,3,8,12,3,0,4,1,10,2,6,8,12,7,3,8,1,9,8,12,6,3,1,3,0,3,1,7,10,12,2,2,1,12,6,2,12,5,4,12,7,9,2,2,2,12,0,0,6,4,1,6,10,5,1,1,1,8,4,12,5,7,0,5,10,4,3,7,5,6,4,12,6,3,12,5,4,1,12,8,5
reelStrip2=4,1,5,1,1,12,7,8,2,12,4,2,6,6,1,12,10,12,1,1,1,4,12,4,10,9,9,1,8,2,2,2,12,5,3,9,10,12,1,7,8,2,2,5,8,2,3,12,7,6,2,11,12,10,6,6,6,12,2,1,2,2,2,12,12,3,3,1,1,1,9,12,4,1,1,7,6,5,2,12,3,4,6,1,12,1,1,1,12,1,9,7,0,1,1,1,0,4,7,0
reelStrip3=1,4,1,7,8,10,4,0,12,3,3,8,7,0,12,1,1,10,7,12,0,3,0,12,9,4,9,12,5,1,9,7,12,3,7,8,8,12,3,9,8,7,9,0,12,0,2,12,1,1,1,4,9,12,0,8,12,0,0,0,11,3,12,2,0,5,3,3,9,10,2,8,9,0,5,8,12,10,5,3,5,12,5,9,8,5,6,4,3,4,4,12,7,4,4,5,8,6,0,2
reelStrip4=4,6,7,4,6,9,10,8,4,12,1,9,0,7,6,1,12,6,7,8,10,2,10,1,2,3,5,10,12,0,3,3,8,2,9,4,4,12,0,9,3,1,5,2,2,5,4,1,8,1,11,10,1,10,1,3,4,0,9,4,4,4,10,1,1,5,1,9,3,7,9,0,3,6,7,4,8,3,6,2,10,12,5,11,2,0,5,8,0,9,0,2,2,8,6,4,1,2,4,10
reelStrip5=4,7,0,4,10,5,2,9,7,10,7,1,0,10,8,4,4,1,12,8,8,9,3,11,7,4,3,5,6,6,3,5,7,12,8,7,7,8,1,7,10,1,4,2,0,3,7,12,3,10,7,7,7,5,1,3,7,7,1,12,2,11,12,10,8,6,1,10,3,6,7,7,7,1,10,3,12,11,3,9,0,3,8,3,12,4,0,8,1,7,12,12,1,8,4,5,9,8,0,10
reelStrip6=
reelStripBonus1=6,3,2,7,12,8,10,3,5,7,6,7,10,4,1,1,5,12,6,9,9,12,8,7,0,6,3,3,6,4,3,0,1,10,6,6,9,9,4,8,9,7,9,4,12,12,5,6,10,5,3,4,0,1,4,6,3,7,7,0,4,4,1,7,5,6,2,7,6,8,12,1,6,4,5,9,6,2,1,8,0,9,0,12,8,5,3,9,12,8,2,2,2,9,8,7,2,3,4,8
reelStripBonus2=5,7,2,6,3,1,3,0,2,8,0,6,7,12,8,5,3,9,4,12,1,3,4,8,1,7,8,8,10,10,9,0,8,10,9,7,6,5,4,1,0,6,5,0,3,3,3,4,2,8,8,12,2,0,5,10,0,12,12,5,0,3,1,5,3,6,0,0,9,1,5,7,9,7,1,3,6,9,2,9,8,10,9,5,8,6,7,9,10,5,3,0,10,6,10,0,2,3,3,2
reelStripBonus3=0,3,2,3,9,0,10,6,6,8,5,9,9,2,4,5,5,7,5,5,2,8,8,8,10,5,2,7,2,3,3,7,12,0,1,0,12,5,12,0,4,8,9,1,6,8,12,6,8,0,10,4,3,9,6,0,4,5,7,1,10,3,10,2,2,1,12,0,5,6,6,7,0,8,12,12,6,12,6,1,1,7,8,0,4,4,2,10,1,5,4,6,9,0,6,7,2,5,0,3
reelStripBonus4=6,9,7,9,8,2,3,4,0,2,12,0,1,4,8,10,4,5,7,0,5,4,10,6,2,4,10,4,6,3,0,4,12,0,4,0,6,4,2,7,1,2,0,6,0,0,8,0,1,10,12,10,0,3,3,6,12,7,7,0,10,9,2,2,12,2,1,2,3,1,2,7,8,4,0,4,0,6,0,12,5,8,5,4,2,3,7,12,0,2,0,4,12,5,0,12,7,12,1,4
reelStripBonus5=0,8,5,8,12,8,1,1,4,9,1,10,8,7,12,7,10,8,0,12,9,10,3,0,3,6,6,7,5,0,4,8,1,1,4,1,7,0,9,7,0,3,6,9,2,2,9,6,1,1,4,7,10,2,5,7,2,4,8,9,9,5,6,5,9,2,9,6,2,12,5,2,1,5,7,12,6,4,12,10,12,6,3,6,12,12,2,0,6,1,6,5,10,10,4,3,0,5,7,2
reelStripBonus6=