reelStrip1=8,4,7,2,0,2,0,8,4,5,6,0,17,0,17,17,4,6,4,7,8,6,0,12,4,8,2,7,9,10,6,1,6,0,1,8,6,8,6,0,1,8,0,7,0,10,1,1,7,12,7,7,0,2,6,17,1,7,17,0,6,8,0,4,1,8,4,2,5,8,7,3,0,8,7,0,8,8,3,6,6,10,1,5,5,0,2,4,6,7,7,6,7,17,4,6,0,7,3,8,0,6,3,2,2,2,5
reelStrip2=6,1,17,17,6,17,10,7,8,0,6,4,2,6,0,7,17,17,17,6,7,0,1,10,7,7,7,7,6,4,0,0,12,3,7,6,7,6,3,0,6,6,8,17,3,7,10,0,7,1,6,1,3,17,2,4,0,6,17,17,0,1,6,3,6,7,7,0,3,2,0,6,12,8,7,6,17,7,7,7,5,1,4,7,7,17,0,7,7,3,7,0,6,7,7,3,1,4,5,3,6,3,1,4
reelStrip3=7,1,0,0,0,5,17,12,4,4,6,6,6,10,17,6,4,6,7,1,13,14,15,7,1,8,5,6,6,12,6,6,8,0,7,6,8,0,2,4,7,9,1,1,8,0,2,6,6,4,0,6,17,3,17,12,4,1,6,4,6,3,8,7,10,13,14,15,17,4,3,7,4,7,8,7,2,2,7,3,12,9,7,0,7,6,2,8,4,4,6,7,7,12,6,4,6,17,10,7,5,6,6,7,6,6,5,3,3
reelStrip4=1,5,6,7,7,2,3,8,7,3,17,7,3,10,8,4,7,4,8,2,4,0,1,5,4,7,17,17,6,8,7,8,4,8,7,7,2,8,6,7,2,1,3,6,7,1,17,17,7,10,1,7,2,12,4,6,6,7,3,4,8,17,17,3,2,2,0,1,2,4,7,4,9,2,17,7,5,2,6,17,0,7,7,2,1,6,7,5,6,10,5,17,12,7,3,17,17,17,5,4,7,7,9,7,6
reelStrip5=0,5,4,7,17,17,17,9,7,1,5,17,17,7,6,6,7,7,6,7,6,7,10,2,1,8,6,8,0,12,7,8,8,6,6,3,7,3,6,0,3,6,8,6,17,17,0,4,2,6,5,10,17,17,2,0,6,4,1,1,3,4,6,6,7,7,6,9,1,8,9,17,17,0,7,2,7,6,7,10,6,4,6,6,7,7,7,2,8,4,12,5,6,17,4,8,7,6,9,4,6,6,6
reelStrip6=
reelStripBonus1=3,4,2,2,4,2,0,3,4,5,1,5,17,0,5,2,0,1,4,1,4,3,2,3,2,3,2,4,3,2,2,4,5,1,1,1,3,1,3,1,3,1,2,1,5,0,2,2,1,6,5,17,3,4,1,2,2,4,3,2,1,17,1,2,5,0,1,3,5,4,3,4,2,5,3,2,3,5,3,2,3,3,3,3,1,1,5,1,5,5,0,2,4,1,1,2,1,2,17,0,4,1,5,2,3,3,1,1,17,2,3,2,5
reelStripBonus2=1,1,17,1,1,1,5,2,3,0,1,4,2,1,0,3,2,17,1,1,1,17,4,1,5,2,3,2,1,2,1,4,3,2,1,3,2,1,2,1,3,4,1,7,1,3,17,3,2,5,3,2,1,1,1,3,0,17,2,4,4,1,17,1,3,1,1,5,1,6,2,4,3,2,4,1,1,3,2,1,4,2,2,2,5,1,4,2,2,5,5,3,2,0,2,3,2,3,1,2,2,3,17,4,3,1,1,3,1,4
reelStripBonus3=2,1,17,4,4,5,17,12,4,1,1,1,1,5,17,1,4,0,9,5,2,1,4,2,2,2,1,3,5,1,1,12,1,1,2,0,2,1,3,0,2,4,2,4,1,1,3,4,1,1,4,0,1,17,3,3,12,4,1,1,4,1,3,3,2,5,17,1,5,2,4,3,2,4,2,3,2,2,2,17,2,3,12,4,2,0,2,1,2,3,4,4,0,1,2,2,12,1,4,1,17,5,2,5,1,1,2,1,1,5,3,3
reelStripBonus4=5,5,1,2,2,2,3,3,2,3,17,2,3,5,3,4,0,2,4,3,2,4,1,1,5,4,2,17,4,1,3,2,1,4,3,2,2,2,3,1,2,2,1,8,3,1,2,1,1,1,2,2,5,1,2,2,1,4,0,1,1,2,3,4,3,2,2,5,2,2,0,2,4,6,4,4,2,17,2,5,2,1,17,0,2,2,2,1,1,2,5,1,5,5,17,1,2,3,17,1,2,3,4,2,2,4,2,1
reelStripBonus5=0,5,4,2,17,4,17,4,2,1,5,17,17,2,1,1,2,2,17,2,2,2,5,2,1,3,1,3,0,1,2,3,5,1,1,3,2,3,1,0,3,10,1,3,1,17,1,1,4,2,1,17,5,17,2,2,1,1,5,1,1,3,3,4,1,1,2,2,1,4,1,3,4,17,17,0,2,2,2,2,1,2,5,1,4,1,1,2,17,2,2,3,4,2,5,1,17,4,3,2,1,5,4,1,1,1
reelStripBonus6=