reelStrip1=5,4,2,7,2,10,11,2,2,2,2,2,4,4,4,7,7,7,7,6,2,8,7,8,5,0,4,9,7,6,2,8,8,8,8,10,10,10,7,5,2,2,2,2,2,0,5,8,5,6,7,8,6,2,4,9,5,2,2,2,2,6,6,6,6,2,4,5,6,10,8,7,8,2,8,4,8,6,8,4,5,4,11,11,11,11,0,6,4,5,0,2,5,4,4,9,7,6,2,11,8,7,8,2,2,2,2,6,0,5
reelStrip2=5,4,2,7,2,10,11,2,5,0,2,2,2,2,2,4,7,7,7,7,6,2,8,7,8,5,0,4,9,7,6,2,2,2,2,2,10,10,10,7,5,2,1,0,0,0,0,5,8,5,6,7,8,6,1,4,9,2,2,2,2,5,0,4,5,7,6,6,6,6,2,4,5,6,10,8,7,8,2,8,4,8,6,8,4,2,2,2,2,2,5,1,11,11,11,11,0,6,4,1,0,2,5,4,4,9,7,6,2,11,8,7,8,10,10,10,10,6,0,5
reelStrip3=5,4,3,7,2,10,11,2,5,0,4,4,4,4,4,7,7,7,7,6,2,2,2,2,2,8,7,8,5,0,4,9,7,6,2,8,8,8,8,10,10,10,7,5,2,1,0,0,0,0,5,8,5,6,7,2,2,2,2,2,2,8,6,1,4,9,5,0,4,5,7,6,6,6,6,2,4,5,6,10,8,7,2,2,2,2,2,8,2,8,4,8,6,8,4,5,1,11,11,11,11,0,6,4,1,0,2,2,2,2,2,5,4,4,9,7,6,2,11,8,7,8,10,10,10,10,6,0,5
reelStrip4=5,4,4,7,2,10,11,2,5,0,4,4,4,4,4,2,2,2,2,2,2,2,7,7,7,6,2,8,7,8,5,0,4,9,7,6,2,8,8,8,8,10,10,10,7,5,2,1,0,0,0,0,2,2,2,2,2,2,2,2,2,5,8,5,6,7,8,6,1,4,9,5,0,4,5,7,6,6,6,6,2,4,5,6,10,8,7,8,2,8,4,8,6,8,4,5,1,11,11,11,11,2,2,2,2,2,2,2,2,0,6,4,1,0,2,5,4,4,9,7,6,2,11,8,7,8,10,10,10,10,6,0,5
reelStrip5=5,4,5,7,2,10,11,2,5,0,4,4,4,4,4,7,7,7,7,6,2,2,2,2,2,2,2,8,7,8,5,0,4,9,7,6,2,8,8,8,8,10,10,10,7,5,2,1,0,0,0,0,5,8,5,6,7,8,6,1,4,9,5,0,4,5,7,6,6,6,6,2,4,2,2,2,2,2,2,2,2,5,6,10,8,7,8,2,8,4,8,6,2,2,2,2,2,8,4,5,1,11,11,11,11,0,6,4,2,0,2,2,2,2,2,2,2,5,4,4,9,7,6,2,11,8,7,8,10,10,10,10,6,0,5
reelStrip6=5,4,4,7,2,10,11,2,5,0,4,4,4,4,4,7,7,7,7,6,2,2,2,2,2,2,2,2,8,7,8,5,0,4,9,7,6,2,8,8,8,8,10,10,10,7,5,2,2,0,0,0,0,5,8,5,6,7,8,6,6,4,9,5,0,4,5,7,6,6,6,6,2,4,5,6,10,8,7,8,2,2,2,2,2,2,2,2,8,4,8,6,8,4,5,5,11,11,11,11,0,6,4,4,0,2,2,2,2,2,5,4,4,9,7,6,2,11,8,7,8,10,10,10,10,6,0,5
reelStripBonus1=5,4,1,7,2,10,11,2,5,0,4,4,4,4,4,7,7,7,7,6,2,8,7,8,5,0,4,9,7,6,2,8,8,8,8,10,10,10,7,5,2,1,0,0,0,0,5,8,5,6,7,8,6,1,4,9,5,0,4,5,7,6,6,6,6,2,4,5,6,10,8,7,8,2,8,4,8,6,8,4,5,4,11,11,11,11,0,6,4,1,0,2,5,4,4,9,7,6,2,11,8,7,8,10,10,10,10,6,0,5
reelStripBonus2=5,4,1,7,2,10,11,2,5,0,4,4,4,4,4,7,7,7,7,6,2,8,7,8,5,0,4,9,7,6,2,8,8,8,8,10,10,10,7,5,2,1,0,0,0,0,5,8,5,6,7,8,6,1,4,9,5,0,4,5,7,6,6,6,6,2,4,5,6,10,8,7,8,2,8,4,8,6,8,4,5,4,11,11,11,11,0,6,4,1,0,2,5,4,4,9,7,6,2,11,8,7,8,10,10,10,10,6,0,5
reelStripBonus3=5,4,1,7,2,10,11,2,5,0,4,4,4,4,4,7,7,7,7,6,2,8,7,8,5,0,4,9,7,6,2,8,8,8,8,10,10,10,7,5,2,1,0,0,0,0,5,8,5,6,7,8,6,1,4,9,5,0,4,5,7,6,6,6,6,2,4,5,6,10,8,7,8,2,8,4,8,6,8,4,5,4,11,11,11,11,0,6,4,1,0,2,5,4,4,9,7,6,2,11,8,7,8,10,10,10,10,6,0,5
reelStripBonus4=5,4,1,7,2,10,11,2,5,0,4,4,4,4,4,7,7,7,7,6,2,8,7,8,5,0,4,9,7,6,2,8,8,8,8,10,10,10,7,5,2,1,0,0,0,0,5,8,5,6,7,8,6,1,4,9,5,0,4,5,7,6,6,6,6,2,4,5,6,10,8,7,8,2,8,4,8,6,8,4,5,4,11,11,11,11,0,6,4,1,0,2,5,4,4,9,7,6,2,11,8,7,8,10,10,10,10,6,0,5
reelStripBonus5=5,4,1,7,2,10,11,2,5,0,4,4,4,4,4,7,7,7,7,6,2,8,7,8,5,0,4,9,7,6,2,8,8,8,8,10,10,10,7,5,2,1,0,0,0,0,5,8,5,6,7,8,6,1,4,9,5,0,4,5,7,6,6,6,6,2,4,5,6,10,8,7,8,2,8,4,8,6,8,4,5,4,11,11,11,11,0,6,4,1,0,2,5,4,4,9,7,6,2,11,8,7,8,10,10,10,10,6,0,5
reelStripBonus6=5,4,4,7,2,10,11,2,5,0,4,4,4,4,4,7,7,7,7,6,2,8,7,8,5,0,4,9,7,6,2,8,8,8,8,10,10,10,7,5,2,2,0,0,0,0,5,8,5,6,7,8,6,6,4,9,5,0,4,5,7,6,6,6,6,2,4,5,6,10,8,7,8,2,8,4,8,6,8,4,5,5,11,11,11,11,0,6,4,4,0,2,5,4,4,9,7,6,2,11,8,7,8,10,10,10,10,6,0,5